%YAML:1.0
---
error: 2.1930344720861084e+00
cameraMatrix: !!opencv-matrix
   rows: 3
   cols: 3
   dt: d
   data: [ 2.5371710758130725e+03, 0., 4.3522754447940451e+02, 0.,
       2.4527314889255649e+03, 5.8631926164272116e+01, 0., 0., 1. ]
distortionCoefficients: !!opencv-matrix
   rows: 5
   cols: 1
   dt: d
   data: [ -5.6638682455417033e-01, 3.3873720243489043e+00,
       5.0433589859579069e-02, -1.6687200515371318e-02,
       -1.0941316721802825e+00 ]
