%YAML:1.0
---
error: 1.8591670742963127e+00
cameraMatrix: !!opencv-matrix
   rows: 3
   cols: 3
   dt: d
   data: [ 5.6621447411003946e+03, 0., 6.4998633232580778e+02, 0.,
       6.2987082966800444e+03, 4.0786562012102769e+02, 0., 0., 1. ]
homographyMatrix: !!opencv-matrix
   rows: 3
   cols: 3
   dt: d
   data: [ -8.7871932881813886e-02, -2.8167947623442995e+00,
       6.8109645303161847e+02, 2.6261335545409255e+00,
       -1.2143647371030820e-01, 4.1055069252500977e+02,
       -2.1419719752667187e-04, -1.6126948808270930e-04, 1. ]
distortionCoefficients: !!opencv-matrix
   rows: 5
   cols: 1
   dt: d
   data: [ 5.1694026738291941e+00, -7.6794041794627401e+02,
       7.4209176326274745e-02, -9.1037813646717994e-02,
       3.8289306633544875e+04 ]
